0.5 0.558641975309 0.640625 0.760204081633 0.944444444444 1.25 1.8125 3.02777777778 6.5 25.25 5.07060240091e+30 25.25 6.5 3.02777777778 1.8125 1.25 0.944444444444 0.760204081633 0.640625 0.558641975309 0.5 
0.558641975309 0.617283950617 0.699266975309 0.818846056941 1.00308641975 1.30864197531 1.87114197531 3.08641975309 6.55864197531 25.3086419753 5.07060240091e+30 25.3086419753 6.55864197531 3.08641975309 1.87114197531 1.30864197531 1.00308641975 0.818846056941 0.699266975309 0.617283950617 0.558641975309 
0.640625 0.699266975309 0.78125 0.900829081633 1.08506944444 1.390625 1.953125 3.16840277778 6.640625 25.390625 5.07060240091e+30 25.390625 6.640625 3.16840277778 1.953125 1.390625 1.08506944444 0.900829081633 0.78125 0.699266975309 0.640625 
0.760204081633 0.818846056941 0.900829081633 1.02040816327 1.20464852608 1.51020408163 2.07270408163 3.28798185941 6.76020408163 25.5102040816 5.07060240091e+30 25.5102040816 6.76020408163 3.28798185941 2.07270408163 1.51020408163 1.20464852608 1.02040816327 0.900829081633 0.818846056941 0.760204081633 
0.944444444444 1.00308641975 1.08506944444 1.20464852608 1.38888888889 1.69444444444 2.25694444444 3.47222222222 6.94444444444 25.6944444444 5.07060240091e+30 25.6944444444 6.94444444444 3.47222222222 2.25694444444 1.69444444444 1.38888888889 1.20464852608 1.08506944444 1.00308641975 0.944444444444 
1.25 1.30864197531 1.390625 1.51020408163 1.69444444444 2.0 2.5625 3.77777777778 7.25 26.0 5.07060240091e+30 26.0 7.25 3.77777777778 2.5625 2.0 1.69444444444 1.51020408163 1.390625 1.30864197531 1.25 
1.8125 1.87114197531 1.953125 2.07270408163 2.25694444444 2.5625 3.125 4.34027777778 7.8125 26.5625 5.07060240091e+30 26.5625 7.8125 4.34027777778 3.125 2.5625 2.25694444444 2.07270408163 1.953125 1.87114197531 1.8125 
3.02777777778 3.08641975309 3.16840277778 3.28798185941 3.47222222222 3.77777777778 4.34027777778 5.55555555556 9.02777777778 27.7777777778 5.07060240091e+30 27.7777777778 9.02777777778 5.55555555556 4.34027777778 3.77777777778 3.47222222222 3.28798185941 3.16840277778 3.08641975309 3.02777777778 
6.5 6.55864197531 6.640625 6.76020408163 6.94444444444 7.25 7.8125 9.02777777778 12.5 31.25 5.07060240091e+30 31.25 12.5 9.02777777778 7.8125 7.25 6.94444444444 6.76020408163 6.640625 6.55864197531 6.5 
25.25 25.3086419753 25.390625 25.5102040816 25.6944444444 26.0 26.5625 27.7777777778 31.25 50.0 5.07060240091e+30 50.0 31.25 27.7777777778 26.5625 26.0 25.6944444444 25.5102040816 25.390625 25.3086419753 25.25 
5.07060240091e+30 5.07060240091e+30 5.07060240091e+30 5.07060240091e+30 5.07060240091e+30 5.07060240091e+30 5.07060240091e+30 5.07060240091e+30 5.07060240091e+30 5.07060240091e+30 1.01412048018e+31 5.07060240091e+30 5.07060240091e+30 5.07060240091e+30 5.07060240091e+30 5.07060240091e+30 5.07060240091e+30 5.07060240091e+30 5.07060240091e+30 5.07060240091e+30 5.07060240091e+30 
25.25 25.3086419753 25.390625 25.5102040816 25.6944444444 26.0 26.5625 27.7777777778 31.25 50.0 5.07060240091e+30 50.0 31.25 27.7777777778 26.5625 26.0 25.6944444444 25.5102040816 25.390625 25.3086419753 25.25 
6.5 6.55864197531 6.640625 6.76020408163 6.94444444444 7.25 7.8125 9.02777777778 12.5 31.25 5.07060240091e+30 31.25 12.5 9.02777777778 7.8125 7.25 6.94444444444 6.76020408163 6.640625 6.55864197531 6.5 
3.02777777778 3.08641975309 3.16840277778 3.28798185941 3.47222222222 3.77777777778 4.34027777778 5.55555555556 9.02777777778 27.7777777778 5.07060240091e+30 27.7777777778 9.02777777778 5.55555555556 4.34027777778 3.77777777778 3.47222222222 3.28798185941 3.16840277778 3.08641975309 3.02777777778 
1.8125 1.87114197531 1.953125 2.07270408163 2.25694444444 2.5625 3.125 4.34027777778 7.8125 26.5625 5.07060240091e+30 26.5625 7.8125 4.34027777778 3.125 2.5625 2.25694444444 2.07270408163 1.953125 1.87114197531 1.8125 
1.25 1.30864197531 1.390625 1.51020408163 1.69444444444 2.0 2.5625 3.77777777778 7.25 26.0 5.07060240091e+30 26.0 7.25 3.77777777778 2.5625 2.0 1.69444444444 1.51020408163 1.390625 1.30864197531 1.25 
0.944444444444 1.00308641975 1.08506944444 1.20464852608 1.38888888889 1.69444444444 2.25694444444 3.47222222222 6.94444444444 25.6944444444 5.07060240091e+30 25.6944444444 6.94444444444 3.47222222222 2.25694444444 1.69444444444 1.38888888889 1.20464852608 1.08506944444 1.00308641975 0.944444444444 
0.760204081633 0.818846056941 0.900829081633 1.02040816327 1.20464852608 1.51020408163 2.07270408163 3.28798185941 6.76020408163 25.5102040816 5.07060240091e+30 25.5102040816 6.76020408163 3.28798185941 2.07270408163 1.51020408163 1.20464852608 1.02040816327 0.900829081633 0.818846056941 0.760204081633 
0.640625 0.699266975309 0.78125 0.900829081633 1.08506944444 1.390625 1.953125 3.16840277778 6.640625 25.390625 5.07060240091e+30 25.390625 6.640625 3.16840277778 1.953125 1.390625 1.08506944444 0.900829081633 0.78125 0.699266975309 0.640625 
0.558641975309 0.617283950617 0.699266975309 0.818846056941 1.00308641975 1.30864197531 1.87114197531 3.08641975309 6.55864197531 25.3086419753 5.07060240091e+30 25.3086419753 6.55864197531 3.08641975309 1.87114197531 1.30864197531 1.00308641975 0.818846056941 0.699266975309 0.617283950617 0.558641975309 
0.5 0.558641975309 0.640625 0.760204081633 0.944444444444 1.25 1.8125 3.02777777778 6.5 25.25 5.07060240091e+30 25.25 6.5 3.02777777778 1.8125 1.25 0.944444444444 0.760204081633 0.640625 0.558641975309 0.5 
